142
132
131
121
120
110
010
011
001
021
012
022
111
112
122
133
134
135
035
034
024
033
043
234
235
335
232
222
223
233
224
214
213
231
230
220
221
211
201
210
212
142
132
131
121
120
110
010
011
001
021
012
022
111
112
122
133
134
135
035
034
024
033
043
234
235
335
232
222
223
233
224
214
213
231
230
220
221
211
201
210
212
142
132
131
121
120
110
010
011
001
021
012
022
111
112
122
133
134
135
035
034
024
033
043
234
235
335
232
222
223
233
224
214
213
231
230
220
221
211
201
210
212
142
132
131
121
120
110
010
011
001
021
012
022
111
112
122
133
134
135
035
034
024
033
043
234
235
335
232
222
223
233
224
214
213
231
230
220
221
211
201
210
212
130
